Turn  1 Player  1
   0 1 2 3
-----------------------
0 |0 0 0 2 |
1 |0 0 0 0 |
2 |0 0 0 0 |
3 |2 0 0 0 |
-----------------------
Turn  2 Player  -1
   0 1 2 3
-----------------------
0 |0 0 0 2 |
1 |0 0 0 0 |
2 |0 0 2 0 |
3 |0 0 0 2 |
-----------------------
[ 0 0] [ 0 1] [ 0 2] [ 0 3] 0
Turn  3 Player  1
   0 1 2 3
-----------------------
0 |2 0 0 0 |
1 |0 0 0 0 |
2 |2 2 0 0 |
3 |2 0 0 0 |
-----------------------
Turn  4 Player  -1
   0 1 2 3
-----------------------
0 |0 0 0 0 |
1 |0 0 0 2 |
2 |2 0 0 0 |
3 |4 2 0 0 |
-----------------------
[ 0 0] [ 0 1] [ 0 2] [ 0 3] 3
Turn  5 Player  1
   0 1 2 3
-----------------------
0 |0 0 0 0 |
1 |0 0 0 0 |
2 |2 0 0 0 |
3 |4 2 2 2 |
-----------------------
Turn  6 Player  -1
   0 1 2 3
-----------------------
0 |2 2 2 2 |
1 |4 0 0 0 |
2 |0 0 0 0 |
3 |0 2 0 0 |
-----------------------
[ 0 0] [ 0 1] [ 0 2] [ 0 3] 0
Turn  7 Player  1
   0 1 2 3
-----------------------
0 |4 4 0 0 |
1 |4 0 0 0 |
2 |0 0 0 0 |
3 |2 0 0 2 |
-----------------------
Turn  8 Player  -1
   0 1 2 3
-----------------------
0 |0 0 0 0 |
1 |0 0 0 0 |
2 |8 0 0 0 |
3 |2 4 2 2 |
-----------------------
[ 0 0] [ 0 1] [ 0 2] 2
Turn  9 Player  1
   0 1 2 3
-----------------------
0 |8 4 2 2 |
1 |2 0 0 0 |
2 |0 0 0 0 |
3 |0 2 0 0 |
-----------------------
Turn  10 Player  -1
   0 1 2 3
-----------------------
0 |0 8 4 4 |
1 |0 0 0 2 |
2 |0 0 0 0 |
3 |2 0 0 2 |
-----------------------
[ 0 0] [ 0 1] [ 0 2] [ 0 3] 2
Turn  11 Player  1
   0 1 2 3
-----------------------
0 |2 8 4 4 |
1 |0 0 0 4 |
2 |0 0 0 0 |
3 |0 2 0 0 |
-----------------------
Turn  12 Player  -1
   0 1 2 3
-----------------------
0 |0 0 0 0 |
1 |0 0 0 0 |
2 |2 8 0 0 |
3 |2 2 4 8 |
-----------------------
[ 0 0] [ 0 1] [ 0 2] [ 0 3] 2
Turn  13 Player  1
   0 1 2 3
-----------------------
0 |4 8 4 8 |
1 |0 2 0 0 |
2 |0 0 0 0 |
3 |0 2 0 0 |
-----------------------
Turn  14 Player  -1
   0 1 2 3
-----------------------
0 |0 0 0 0 |
1 |0 0 0 0 |
2 |2 8 0 0 |
3 |4 4 4 8 |
-----------------------
[ 0 0] [ 0 1] [ 0 2]